[ssaTask]
longitude = 2.3522219000000177
latitude = 48.85661400000001